299850
299740
299900
300070
299930
299850
299950
299980
299980
299880
300000
299980
299930
299650
299760
299810
300000
300000
299960
299960
299960
299940
299960
299940
299880
299800
299850
299880
299900
299840
299830
299790
299810
299880
299880
299830
299800
299790
299760
299800
299880
299880
299880
299860
299720
299720
299620
299860
299970
299950
299880
299910
299850
299870
299840
299840
299850
299840
299840
299840
299890
299810
299810
299820
299800
299770
299760
299740
299750
299760
299910
299920
299890
299860
299880
299720
299840
299850
299850
299780
299890
299840
299780
299810
299760
299810
299790
299810
299820
299850
299870
299870
299810
299740
299810
299940
299950
299800
299810
299870
